7436685053
6739030012
1394751561
248092092
984986257
250149352
811114903
1426281364
5080552342
433791261
228786928
7021137348
7937478005
1691772814
778065807
1887969071
1192516877
45563955
5134037251
5876943314
1023979793
5116369419
430552745
383474451
785070443
6944163631
488575324
1298621364
206279134
487121512
1732394644
1856938411
1200054001
537798512
474075136
5001891390
1073177545
915154244
394684915
1344871752
1790222708
670150944
7141000048
954568128
738477740
1336280378
2104225184
458691737
6446615963
231085467
885999448
447118721
1456615894
996250748
1028530280
6860144313
7127970688
300280391
5419848208
374753460
2114065956
2053464262
428908153
314019592
760028538
883959711
7795259938
828956887
216723735
595642562
565828960
324684926
480207763
847539409
6489721476
358844972
165626290
62043989
7031990552
442472976
968074050
1128329393
5828490841
280156544
392072786
7286156873
1701712103
7000966666
5279330689
5279796736
590901712
1190190801
1944171315
5946409690
689404552
465555826
878507903
722184192
572040918
342242053
7854625026
217031125
424029924
5909234708
909913263
5691981753
969959372
1812444312
152414959
6432049241
723136899
315725626
6630909124
5156919160
943608731
1440549439
1041124804
660718711
1278815675
510684633
5524224614
6839706991
1049041718
124212477
6761910407
305188180
