550537187
363889511
241954492
5183958435
6742056004
1071199731
679792158
426663693
358615442
700764079
980472222
5057186351
1383750947
486148972
1029619910
476319510
776300427
1512648141
824152561
286483124
240269464
336640407
5059645322
700809861
537020681
286445516
977556312
743831070
391397351
443534161
723581310
1514552579
1490760353
824837469
1097159922
972449527
964265273
6045800426
408072795
640972731
555885946
1839786196
5432662780
287005250
5863771878
5384537893
1742445231
5832528615
7771893217
498534876
425341087
276181439
294481862
661341910
1371655250
1258431218
834311214
538701650
1006908457
7541707800
868009282
61886854
386993945
6362195419
558551495
490370971
539908509
623394022
6494259953
966741401
1684291057
743101279
7667796240
415556977
